1.3099402451643982e-07
0.001550006214529276
5.346208240553096e-07
0.002241547219455242
0.00011039432138204575
0.9996339082717896
1.9630160750239156e-05
0.00015971883840393275
8.088198910627398e-08
0.04734981060028076
0.05227059870958328
6.675147687928984e-07
0.0057151964865624905
0.0015023392625153065
0.001190708251670003
5.2894087275490165e-05
0.9941620230674744
1.0
2.4394601496169344e-05
0.8979401588439941
3.038060469862103e-07
1.0
0.000132933389977552
0.041991692036390305
0.9761284589767456
0.35225340723991394
0.9828883409500122
0.11334528028964996
0.9985730648040771
0.9579262137413025
4.4982948566030245e-06
1.0568434845481534e-05
0.020158689469099045
2.143465735571226e-06
7.169068112489185e-07
0.9999818801879883
3.583934812922962e-05
0.20197166502475739
0.25806406140327454
0.1356583833694458
7.008890889892427e-08
0.6566195487976074
0.9999709129333496
0.9999980926513672
0.20001240074634552
0.08152857422828674
0.1830797642469406
0.9999998807907104
0.057140953838825226
3.4625309286440142e-09
0.9999853372573853
0.9999819993972778
0.9994034767150879
0.9844520092010498
0.9998278617858887
0.08960185945034027
0.41787880659103394
1.3196317922847811e-06
0.9924014806747437
0.9906861186027527
0.9993845224380493
0.004945639055222273
0.0009597158641554415
0.4352180063724518
0.0013181486865505576
0.08876045793294907
7.281964826688636e-07
0.9999997615814209
5.694374749509734e-08
3.859902790281922e-06
4.2273519795799075e-08
0.0006403850857168436
6.031993507349398e-06
0.9999945163726807
0.9999707937240601
3.68504915968515e-05
0.9999990463256836
5.506976168481725e-13
3.6500421174423536e-06
0.00041075065382756293
0.0005427906871773303
0.9999891519546509
1.0
0.9999998807907104
1.0
0.9898908138275146
0.9995287656784058
0.9977937936782837
0.9937012195587158
0.9904553294181824
0.9783439636230469
1.0
0.0013007863890379667
0.9999734163284302
