1.0
1.0
0.39598551392555237
0.9939271807670593
0.7206094264984131
0.6984467506408691
0.999998927116394
0.1194196566939354
0.9999634027481079
0.6255064606666565
0.9782153964042664
2.221982867922634e-05
0.9999970197677612
1.0
9.467729933376745e-10
0.9999997615814209
0.9579969048500061
2.4917917833538073e-15
0.9998899698257446
1.0
4.4705902837449685e-06
1.0
0.14496183395385742
4.684203025462352e-10
0.9997677206993103
0.9999990463256836
1.7485106127423933e-06
0.9987565279006958
6.236820587059253e-16
1.9966862069834523e-25
0.9999969005584717
0.999998927116394
1.5671161008867784e-06
1.0
0.9999990463256836
0.9999997615814209
1.7962573110708036e-05
0.997830331325531
0.9978386759757996
2.2376103459009755e-07
0.9999970197677612
0.2994168698787689
1.7228096282906336e-08
0.05852670222520828
5.31376276313722e-10
0.0017507626907899976
0.8982967734336853
1.9934648549935208e-12
0.9964883327484131
9.389924771081987e-19
0.999961256980896
0.9004635810852051
1.0573344422226683e-09
2.673241489281608e-11
8.109715281534591e-07
3.749422319287987e-07
0.0032325387001037598
0.9956731200218201
1.1406525138486778e-13
0.43276259303092957
0.9999947547912598
0.9999382495880127
8.78650535014458e-05
0.999609649181366
0.9999629259109497
0.9927269220352173
0.12691736221313477
0.020359421148896217
0.9999983310699463
0.9982043504714966
0.9999873638153076
0.9907240271568298
0.8409802317619324
0.9999994039535522
0.9989988207817078
0.9970364570617676
0.009127487428486347
4.615508419902881e-09
0.9999555349349976
0.9999966621398926
0.9999958276748657
2.268644605507575e-09
4.5944281737320125e-05
4.298320810391942e-09
1.580284880731142e-08
0.0029636952094733715
0.9951637983322144
0.9999445676803589
8.569501987361339e-13
8.589976800976729e-07
9.944666423677972e-09
0.9999891519546509
0.9997285008430481
5.565129322349094e-05
