1.1365201316948514e-05
5.346504394765361e-07
0.9998897314071655
0.987572431564331
0.9995313882827759
2.7175558443559567e-06
4.91122762014129e-07
0.2386792004108429
3.321422263979912e-05
0.34521156549453735
0.9990563988685608
3.3280550724157365e-06
0.0004390708636492491
0.00019344137399457395
1.0
0.00010260955605190247
4.742407421626238e-12
0.005576502997428179
0.9999667406082153
1.0
0.0037692829500883818
0.02211439236998558
3.2829098017828073e-07
1.7463047186083713e-07
0.9999997615814209
0.9999929666519165
1.3802555764996782e-09
0.4576399326324463
6.045635547735628e-09
0.9991401433944702
1.7363835240757908e-06
9.126888471655548e-07
0.0002637940924614668
0.0001401937479386106
0.000106594423414208
0.22133690118789673
0.00010688194743124768
1.065227763774601e-07
6.701479378534714e-06
0.0008331001154147089
0.9659870266914368
0.9979755282402039
0.00031542606302537024
0.9972896575927734
0.004980551544576883
0.5416632890701294
0.008174870163202286
0.0006163283251225948
0.6981121301651001
4.965788679362169e-25
0.9765918850898743
1.0
0.9999998807907104
0.15502306818962097
0.00021120360179338604
0.9907407760620117
8.941365869929996e-09
0.8977078795433044
0.0019766392651945353
0.9629482626914978
0.000277515035122633
0.9999998807907104
0.7831054329872131
0.999337375164032
0.9996918439865112
9.259821354135056e-08
0.0524287112057209
3.497385847595069e-08
0.9999866485595703
1.4889014892105479e-05
3.3114167763415026e-07
0.9997257590293884
0.0005846142885275185
0.01916353590786457
0.9999995231628418
0.9937036633491516
0.9997692704200745
1.0
0.935271143913269
0.9999939203262329
7.413695213287497e-10
9.964735703249517e-09
0.9627280831336975
1.0
4.0337340672519373e-13
0.8801249265670776
0.00015812349738553166
0.9999997615814209
0.13599014282226562
0.9996837377548218
0.0048601352609694
2.1528863669573184e-07
4.356539193395292e-06
0.9944639801979065
