5.03888149978593e-05
3.6650721995101776e-06
0.0012740726815536618
0.00022743054432794452
0.9999089241027832
8.041231922106817e-05
4.806187462236267e-06
0.8400561809539795
0.47178173065185547
2.5192972152865423e-09
0.01046555396169424
2.716164271987509e-05
0.9994145631790161
0.9991346001625061
0.9977401494979858
0.9999508857727051
8.73639146448113e-06
1.4151916971627543e-08
0.46176251769065857
1.0
8.327805289809476e-08
0.9816680550575256
0.00046880089212208986
3.072890831390396e-05
0.9915266633033752
1.0
0.01742670312523842
0.9997319579124451
0.0001903343654703349
0.9625747799873352
1.1154308587890682e-09
4.5918330249250516e-10
2.213186434119052e-08
2.9758950859104516e-09
2.2484707073999743e-07
0.9999854564666748
1.0226610356767196e-05
0.004504426848143339
9.669805933754105e-08
0.0015227471012622118
1.699715357972309e-05
0.999862551689148
0.008303137496113777
0.00015473828534595668
0.9999990463256836
6.082325126044452e-05
0.0016083316877484322
0.39590802788734436
0.9940634369850159
0.999403715133667
0.621707022190094
1.0
1.0
0.9999997615814209
6.657636664186839e-09
0.9999974966049194
0.016789408400654793
2.044631401076913e-05
1.0
0.9999977350234985
0.8249405026435852
0.9999752044677734
0.9973320960998535
0.000495712214615196
2.9941641059849644e-06
0.9962496161460876
0.06887108087539673
0.9998571872711182
0.024925345554947853
0.9972342848777771
0.9983313679695129
0.9729588627815247
3.7778165733470814e-06
0.015172075480222702
6.853380909888074e-05
3.275087465226534e-06
0.9999709129333496
4.143509418631482e-15
0.9999998807907104
1.1205789633095264e-05
8.006036296137609e-07
1.0323921717514395e-09
0.13132703304290771
5.429087104857899e-05
3.1180631410165915e-09
0.9999669790267944
0.0016305240569636226
5.4126274335430935e-05
2.2744465240975842e-05
6.624945672228932e-05
0.06885398179292679
1.0
0.999996542930603
0.999984622001648
