0.00014526087034028023
0.2967889904975891
0.9999860525131226
0.003759208135306835
4.982887548976578e-05
0.9999998807907104
0.0009761945111677051
0.00037566327955573797
0.9792615175247192
0.8595306873321533
0.9999057054519653
0.008821476250886917
0.9996886253356934
0.19768863916397095
0.9999270439147949
0.9999868869781494
0.9998044371604919
1.0
0.9999991655349731
0.0032176708336919546
0.999996542930603
1.0
0.00015829669428057969
0.9996808767318726
3.208402858945192e-07
0.004677679855376482
1.0
0.000281748129054904
1.0
0.03337547555565834
1.9425975494868908e-08
0.8761571645736694
8.477550181851257e-06
1.7588259652256966e-05
0.9986024498939514
0.9997005462646484
0.00011375331814633682
0.9999498128890991
0.005820986349135637
1.9367969798622653e-05
0.006145245861262083
0.9999388456344604
0.9937853813171387
0.0009925923077389598
0.9964454770088196
0.0006620771018788218
0.0009482629830017686
0.5602518320083618
0.0013404492055997252
1.7675232300007337e-07
1.0
1.0
1.0
0.9999650716781616
0.9988390803337097
0.9900310039520264
0.9999998807907104
0.9964801669120789
1.0
0.9999240636825562
0.014290998689830303
0.9997511506080627
0.9999843835830688
0.9999998807907104
3.338599708513357e-05
0.9987264275550842
0.010414342395961285
1.0
0.0005582412704825401
0.05959919095039368
0.0011299175675958395
0.5797126293182373
2.377411512100025e-08
0.9999991655349731
4.1995601350208744e-05
6.480418424104073e-09
0.9999996423721313
7.837002937880963e-16
1.1235881174798124e-05
0.6664374470710754
8.40110078570433e-06
0.44399163126945496
0.9999995231628418
0.9860078692436218
0.00048303272342309356
0.9999974966049194
0.996556282043457
3.620502320700325e-05
0.9992092251777649
0.02653438411653042
0.042735710740089417
1.2733275545073752e-09
0.0001294866669923067
0.9959439635276794
