8.700988473719917e-06
1.1734178769984283e-05
1.0562106211864375e-07
8.320726919919252e-05
5.663650881615467e-06
5.1587034249678254e-05
1.095966240427515e-06
2.1735691007052083e-06
8.427419743384235e-06
7.60738184908405e-05
5.536559910979122e-06
4.187239028397016e-06
1.0846325722013717e-06
1.6057592802098952e-06
3.21903748101704e-08
1.300233748224855e-06
0.026538420468568802
1.0
0.9903743267059326
0.0003359312249813229
2.2411295503843576e-05
1.0
0.06831135600805283
0.12917351722717285
5.936898261893475e-08
2.5804063625400886e-05
2.635090723401845e-08
5.3917425248073414e-05
0.0005231347749941051
0.9999840259552002
1.988145896802962e-07
8.110274052341993e-08
3.830772402579896e-05
4.218586036586203e-05
8.032269960267513e-08
7.940778914417024e-07
0.00019613103359006345
2.299844027220388e-06
8.242506737587973e-06
7.2908428592199925e-06
2.8066235557844266e-08
0.9999984502792358
1.0
1.0
0.9999982118606567
0.0011131231440231204
0.8217825889587402
1.0
0.011217190884053707
0.9999998807907104
3.410769204492681e-05
1.0
0.9999364614486694
0.999997615814209
0.9719480872154236
0.00030492476071231067
5.0080438995792065e-06
9.315423085354269e-06
1.7748253355875931e-07
4.402309423312545e-05
0.000392827030736953
0.9836832880973816
0.0010258967522531748
0.002341018756851554
5.227984729572199e-07
0.0011981625575572252
1.9582350887503708e-06
0.018793899565935135
1.7205101698891667e-07
0.0010303647723048925
1.3943218846179661e-06
1.0376893442298751e-06
1.2031957339786459e-05
0.006847606506198645
0.5364297032356262
8.053337296587415e-06
0.9999896287918091
0.9981933236122131
4.860400076722726e-05
4.606272796081612e-06
2.673657400009688e-05
0.9885207414627075
2.1735528932254056e-08
0.9999313354492188
1.2445808827976634e-09
9.044176181305374e-07
5.94940829614643e-05
0.00018833611102309078
0.9992151260375977
0.9745385050773621
0.4319886565208435
1.0
6.975854489610356e-07
3.0055648494453635e-06
