0.07279393076896667
0.0020049174781888723
1.1123702847726236e-07
0.9999995231628418
0.9998786449432373
1.2347955816949252e-05
0.999995231628418
0.2796784043312073
2.436753857182339e-05
2.1799107798869954e-06
2.9298291337909177e-05
4.2950370016114903e-07
0.5382897853851318
0.999680757522583
2.050448921764314e-09
3.1240347198036034e-06
9.825096292104263e-09
1.0
5.0913862651214004e-05
0.024124450981616974
0.0786680206656456
4.2051015447519546e-11
0.9990660548210144
3.870230648317374e-05
1.9399766515437733e-11
0.9992862343788147
8.097603143575327e-11
0.0021904788445681334
1.0
1.974112799550605e-29
0.9715734720230103
0.867820143699646
1.0
0.9983952641487122
0.999998927116394
0.12055373191833496
0.9998248219490051
0.9999899864196777
0.057525429874658585
1.0
0.9999892711639404
0.9999964237213135
9.886666521197185e-05
0.9841732978820801
1.5358450511371302e-08
0.00023359933402389288
0.7320907115936279
1.3534014215110801e-05
0.9999889135360718
7.559269191585404e-21
0.0031303628347814083
5.486674940993819e-18
2.865727424250508e-07
6.446344347210697e-09
0.9953526258468628
4.22081569695365e-09
4.737123471265647e-10
2.238550450783805e-06
3.81510077234948e-21
2.342496543406014e-07
0.00027373392367735505
0.27030622959136963
0.9874289631843567
0.0037781100254505873
0.22207842767238617
8.448677846217834e-08
0.0010913891019299626
0.00021598587045446038
0.002836812986060977
0.9998109936714172
0.9964450001716614
0.10150986909866333
0.9999953508377075
0.9989067316055298
0.6463044881820679
4.442023509909632e-06
9.634410389480763e-07
7.076293468901557e-35
0.4228222966194153
0.3071335554122925
0.9979401230812073
0.0041007837280631065
0.038027435541152954
9.399948612553999e-05
0.0002740530180744827
1.0330220012733093e-10
0.949140191078186
1.0
0.9974491000175476
0.9958245754241943
0.999813973903656
0.9998006224632263
4.4047490519005805e-05
0.9705161452293396
