4.656780220102519e-06
0.7327042818069458
0.00014763530634809285
0.0003772259224206209
0.00011669401283143088
6.608654075535014e-06
0.0019137293566018343
3.812645900325151e-06
3.0423445423366502e-05
0.005178607068955898
0.00047141005052253604
2.753273520283983e-06
5.5682717174931895e-06
0.0002319916820852086
0.00017618635320104659
7.886011417213012e-07
0.9993476271629333
0.9995729327201843
0.9999997615814209
1.0
0.967373788356781
1.0
0.9999949932098389
0.9999995231628418
0.00032272253884002566
0.8977012634277344
3.379845338713494e-06
1.5266081391018815e-05
1.0
0.9723525643348694
9.365970754515729e-08
8.879722736310214e-05
0.08872497826814651
0.0006998077733442187
8.139597048284486e-05
0.0008960514096543193
0.0003862351586576551
1.0077649676532019e-05
1.9523202354321256e-05
0.012287787161767483
0.08784714341163635
0.06469538807868958
0.9979068040847778
0.6631041169166565
0.4340602159500122
0.007838054560124874
4.018138497485779e-05
0.9923418760299683
0.0016806984785944223
6.033220643075765e-07
5.24362121723243e-06
1.0
0.9998441934585571
0.9706935882568359
0.5281129479408264
6.5859471760632005e-06
9.121810580836609e-05
0.0021257337648421526
0.00029997536330483854
1.224289462697925e-05
0.0007263746811076999
0.9999191761016846
1.4650247976533137e-05
0.9999428987503052
6.0030011809431016e-05
0.00012549525126814842
7.252330078699742e-07
0.0006259665824472904
0.9989004135131836
2.0953701096004806e-05
6.024722409847527e-08
2.4583301637903787e-05
0.0007856745505705476
0.011599980294704437
0.99998939037323
0.00036733291926793754
0.9996024966239929
1.5635019320892063e-11
1.1754998922697268e-05
0.014922596514225006
0.11329438537359238
0.0012791948392987251
1.496003099177301e-09
0.9989558458328247
2.0964939853596043e-12
0.08155832439661026
0.0003129787801299244
0.17295269668102264
0.10530408471822739
0.7662752866744995
0.08119745552539825
0.999988317489624
1.6430315952220553e-07
2.367213937759516e-06
