0.00034815454273484647
0.021899953484535217
0.9994943141937256
0.9812681078910828
0.9961116909980774
0.9999992847442627
0.9999788999557495
0.7740825414657593
0.015522778034210205
0.0022762289736419916
0.9990750551223755
0.998097836971283
0.9999980926513672
0.9939761161804199
0.9999998807907104
0.999998927116394
1.0897005040533259e-06
1.0
0.8203648328781128
8.613832278570044e-07
0.979159951210022
0.9979377388954163
3.789380897956107e-08
0.0003435609396547079
0.9998542070388794
0.0043037706054747105
1.0
0.8887062072753906
0.004676066804677248
0.9697456359863281
3.811307891510296e-08
0.006636537611484528
0.04466180503368378
0.2542398273944855
0.25745654106140137
1.0
4.24966674472671e-06
0.9977795481681824
0.48576655983924866
0.9040400981903076
2.5633494260546286e-07
0.9999972581863403
0.0173907820135355
0.9934207797050476
0.9695623517036438
0.9991716146469116
0.0036394933704286814
0.9968435764312744
0.9975458979606628
0.9999337196350098
0.9987917542457581
0.9979003667831421
0.9949215054512024
0.9951590895652771
0.02619888447225094
0.9997022747993469
0.7837502956390381
0.4426420331001282
0.9999998807907104
0.00021198800823185593
0.0011919133830815554
4.406198422657326e-05
0.041179973632097244
0.9470786452293396
0.2989853322505951
0.049021750688552856
0.00018404498405288905
0.9980384707450867
0.9795292019844055
0.9963805079460144
0.0009033138630911708
0.005108128301799297
0.00023652856179978698
0.9999475479125977
0.9998239874839783
3.598061582010814e-08
0.9991626739501953
7.916591826528929e-10
0.0002571861259639263
6.964766726014204e-06
0.999768078327179
0.8383669853210449
0.32191047072410583
2.4729180950089358e-05
0.930995762348175
0.9939703941345215
0.03851618990302086
0.0046226875856518745
0.001149818068370223
0.016053901985287666
2.667635953912395e-06
0.9997102618217468
0.9999587535858154
0.18565966188907623
